36
43
50
53
57
59
66
69
77
87
93
98
101
107
125
132
140
148
163
171
179
187
191
198
204
217
226
239
244
250
260
267
280
293
298
305
315
326
332
341
348
354
363
374
384
390
400
409
417
429
441
454
461
469
482
490
497
505
519
523
536
540
551
557
563
569
576
581
588
595
604
611
615
619
626
635
648
656
662
674
681
688
693
701
705
719
727
734
739
748
762
771
777
784
791
795
793
793
792
789
791
790
791
797
804
807
811
819
812
808
813
817
826
827
818
816
813
810
800
802
801
804
807
810
813
812
807
799
795
793
789
791
790
791
797
800
797
790
793
791
789
790
795
791
790
794
796
789
785
784
782
772
773
775
771
765
767
768
766
770
766
773
769
770
775
782
782
783
791
790
785
781
777
781
785
780
774
771
773
766
763
760
761
765
771
765
769
774
777
773
767
765
766
767
767
768
776
781
782
781
777
778
778
779
776
775
767
759
765
766
762
765
763
767
762
763
763
768
769
763
773
771
771
773
767
761
763
765
767
767
764
759
761
755
754
754
749
756
753
756
758
762
753
752
746
742
741
744
747
756
754
761
758
757
755
759
760
755
748
749
750
748
751
754
758
750
750
750
738
744
748
760
769
764
769
768
773
773
768
769
772
776
780
775
769
772
767
761
758
764
758
762
762
763
764
769
759
757
750
754
761
766
768
765
767
770
774
775
773
776
771
769
764
765
770
769
770
764
766
770
762
763
764
759
762
764
766
764
769
770
772
784
775
773
769
768
776
771
772
768
766
767
772
771
780
778
777
784
788
778
779
777
785
779
787
788
787
790
789
784
780
780
775
776
772
776
776
785
791
789
788
782
783
785
776
782
779
782
788
790
787
786
782
783
789
792
792
791
799
798
801
797
797
796
798
802
806
803
805
804
801
799
796
796
796
793
794
799
804
807
815
814
818
815
812
812
817
826
823
819
818
815
812
809
810
811
810
814
819
824
829
821
824
823
827
828
823
827
835
836
834
832
827
827
825
827
827
820
821
821
817
818
814
816
807
813
816
817
825
830
830
825
831
825
824
821
822
815
817
813
816
812
808
811
811
809
811
810
808
806
811
810
811
811
809
805
809
810
805
804
805
809
811
807
809
807
808
818
825
830
827
823
825
826
824
832
834
831
829
824
821
817
814
818
821
819
816
814
817
819
820
820
826
831
831
832
833
831
829
830
826
829
826
829
829
825
831
825
815
815
819
817
819
825
826
824
822
828
821
820
821
819
818
820
822
821
821
823
819
817
814
818
809
813
812
815
810
814
816
815
809
811
810
813
812
815
814
815
819
817
812
811
810
816
818
812
808
809
812
811
808
803
799
803
795
792
792
783
782
774
777
780
774
782
782
776
779
785
783
786
792
796
799
793
791
799
798
790
788
793
791
793
792
794
793
792
792
792
790
785
789
780
782
783
778
781
773
776
785
788
791
789
793
794
791
792
794
790
792
789
795
792
789
790
792
789
779
780
782
782
787
785
788
786
785
786
789
781
774
776
776
775
773
774
777
775
773
772
769
772
778
782
781
780
774
778
781
778
777
776
779
782
787
794
799
798
795
796
797
798
793
790
796
790
789
792
790
789
787
780
780
780
775
776
778
782
786
794
797
794
793
789
789
783
789
786
784
782
777
780
776
781
786
782
785
785
793
795
790
786
783
785
778
776
777
779
779
784
782
783
778
783
787
792
789
789
793
791
799
797
794
797
799
801
802
802
805
807
807
810
810
813
821
817
820
819
817
817
819
822
819
817
821
815
819
820
814
820
824
823
824
819
815
805
803
802
807
809
805
809
811
818
819
822
824
824
821
819
821
825
822
822
825
824
826
822
815
811
812
811
817
820
816
825
825
827
828
834
838
839
842
841
838
845
846
847
849
845
848
855
857
853
855
854
852
856
861
865
872
870
877
877
874
869
866
862
861
862
854
862
866
863
864
859
855
850
846
856
859
856
861
860
855
850
846
851
857
859
860
859
859
857
854
858
860
860
869
863
855
857
858
860
862
867
867
867
864
860
860
859
865
860
858
849
846
844
844
841
841
839
832
835
834
836
831
833
836
836
835
834
828
830
833
829
826
824
824
826
822
820
813
813
815
810
809
810
807
808
805
804
804
806
805
804
807
801
795
788
786
793
785
785
788
790
791
793
795
789
791
784
784
785
789
796
796
802
806
797
796
797
796
795
795
801
797
794
793
790
791
799
803
803
806
801
796
791
783
788
791
788
785
792
791
791
792
795
797
803
801
803
