425
512
589
648
741
808
807
792
792
782
786
773
773
787
770
778
764
774
783
786
787
791
790
786
775
799
801
807
804
810
830
831
827
835
855
836
836
840
840
830
787
790
795
782
778
776
785
771
776
781
788
789
783
800
804
811
806
802
804
793
787
803
838
833
814
797
782
787
778
789
803
776
751
749
760
768
787
778
786
775
783
796
794
810
816
821
813
820
809
806
797
778
775
767
755
752
755
760
785
791
805
825
838
837
835
850
835
832
799
825
822
810
803
795
803
777
790
785
804
791
779
785
778
778
773
791
791
811
808
794
810
828
840
845
851
852
841
826
830
832
814
796
776
775
788
778
773
767
768
761
756
767
782
780
773
773
806
831
807
806
826
814
809
826
832
847
825
811
824
827
826
836
835
815
813
812
816
824
835
851
849
843
844
843
834
823
806
805
803
798
781
769
758
755
764
762
769
761
754
755
760
783
801
808
801
804
816
823
824
826
826
826
810
807
821
823
819
811
819
800
794
779
784
803
784
772
779
781
771
802
819
820
843
828
838
846
831
835
842
831
824
825
836
850
827
839
839
822
813
811
831
824
808
783
801
803
807
827
824
819
813
824
818
841
834
838
841
826
833
834
818
814
820
818
821
801
799
807
804
803
810
811
812
797
802
786
771
769
782
785
782
762
749
770
754
765
781
787
784
777
777
783
779
764
773
781
786
785
790
792
789
800
799
802
811
821
823
837
832
832
838
823
819
813
818
813
801
774
770
766
766
786
780
780
782
771
783
795
799
796
801
805
822
832
815
827
820
825
810
828
819
792
802
798
817
811
826
823
846
832
831
838
819
810
796
802
789
771
758
745
746
761
775
786
790
781
789
793
793
825
826
813
792
799
797
791
785
794
780
761
756
755
760
767
750
746
741
725
746
761
761
775
800
784
813
817
821
831
810
791
804
803
788
791
787
793
800
802
817
826
815
810
814
820
817
819
816
814
822
817
814
824
809
793
797
793
788
808
820
826
833
827
864
870
860
870
871
851
823
829
827
816
799
801
782
770
761
779
779
784
795
807
813
812
832
824
837
829
836
823
805
797
780
791
780
792
778
773
774
769
767
781
793
777
773
772
784
801
800
815
817
802
807
815
818
831
822
807
828
830
829
859
837
820
843
830
830
823
802
798
788
777
783
783
782
783
792
794
779
764
785
771
770
782
753
761
753
752
775
798
787
795
807
816
840
834
849
860
865
850
864
865
852
835
826
826
813
812
792
783
779
780
784
775
781
788
791
779
788
773
759
759
751
778
769
761
769
785
794
833
845
830
833
828
838
826
808
793
770
756
753
756
766
777
766
784
790
803
821
823
848
844
850
846
859
868
879
862
850
849
827
848
840
828
822
823
810
842
849
873
871
861
864
862
864
853
874
838
834
798
801
794
782
770
763
756
733
757
755
759
759
767
767
787
805
798
808
797
800
810
798
799
799
804
805
828
816
815
832
837
844
835
833
837
823
808
824
832
809
802
802
821
826
807
806
811
802
790
795
779
792
768
782
782
784
791
792
794
804
822
816
814
801
816
819
803
799
795
792
783
791
800
790
784
778
795
790
791
794
794
786
785
788
786
797
796
803
819
816
819
818
827
848
853
850
835
837
843
842
849
864
851
825
808
807
811
800
791
791
810
792
784
800
808
797
798
798
786
806
777
782
782
784
785
781
780
814
823
806
818
811
841
827
840
851
847
821
800
799
785
787
764
760
749
736
726
728
739
735
745
750
772
768
769
769
769
775
778
804
805
815
809
803
804
804
826
823
822
788
781
766
756
794
803
814
805
811
812
822
832
849
860
861
857
846
853
847
855
858
865
846
845
841
834
843
853
854
839
829
813
807
797
786
784
787
754
747
760
744
755
772
775
774
779
788
805
792
781
810
801
791
793
800
813
801
798
813
821
806
797
798
802
788
767
744
758
762
748
744
755
753
740
763
767
798
793
786
801
801
807
802
812
807
823
818
822
832
847
868
866
873
870
859
844
829
815
814
787
785
785
788
773
769
777
790
813
796
809
783
776
782
805
824
811
805
777
788
782
793
786
768
752
739
749
747
773
769
773
785
789
784
805
800
806
827
834
847
840
856
855
880
859
855
845
837
822
837
835
810
810
788
782
795
783
775
775
750
749
763
762
778
784
766
794
808
805
799
804
788
795
792
803
829
807
802
805
802
806
813
807
814
815
799
792
781
770
784
792
786
799
788
782
791
798
815
824
806
796
802
803
816
816
801
806
806
789
818
833
847
833
