20
27
29
34
38
39
43
51
55
59
63
65
66
73
77
79
85
90
94
97
104
108
109
113
118
123
128
131
132
135
139
143
149
153
157
162
167
169
177
183
188
191
192
195
198
205
206
208
209
212
214
218
219
223
226
228
232
233
237
240
243
246
247
250
253
258
261
264
266
270
278
281
286
289
292
292
296
300
302
309
310
312
315
321
326
328
333
341
343
350
352
358
362
364
369
376
376
381
385
388
392
396
401
407
410
413
414
418
420
425
427
434
439
445
448
450
455
458
463
466
470
474
478
481
482
486
489
494
499
500
505
509
511
513
519
524
525
533
541
542
547
554
557
560
564
567
571
574
580
583
585
586
587
589
589
592
595
603
604
608
611
617
624
624
629
634
643
646
649
654
656
656
660
663
668
671
672
677
679
683
693
694
696
703
707
709
710
712
715
719
723
727
731
732
737
741
738
740
741
745
746
745
749
751
751
750
748
745
746
748
750
750
751
751
750
749
748
748
748
748
742
744
746
746
743
739
736
736
740
739
739
737
736
740
739
737
736
739
734
732
733
732
735
733
733
730
734
736
740
745
752
753
756
755
755
761
763
762
758
758
757
760
762
766
768
768
769
768
772
772
769
769
768
770
768
771
773
773
773
777
781
786
788
786
786
787
784
778
781
779
784
791
793
795
792
786
790
789
787
788
786
793
789
787
788
788
789
791
793
792
794
791
791
792
792
794
791
791
792
792
792
792
792
791
796
797
796
797
797
799
799
797
799
799
797
795
797
794
795
797
800
796
799
798
802
800
803
800
796
794
794
798
803
804
807
808
806
800
803
802
803
800
796
800
802
802
795
794
792
789
790
796
793
792
787
791
796
794
795
796
789
789
790
788
787
789
792
797
798
796
796
795
796
797
795
798
801
802
803
801
804
801
800
796
794
795
798
797
794
794
790
791
793
792
791
797
796
796
795
795
798
792
791
791
791
792
794
799
799
807
806
808
805
803
805
804
804
806
809
809
805
808
810
814
816
815
812
814
811
806
802
801
798
800
799
795
794
799
804
803
805
804
804
800
799
797
800
800
798
799
797
800
800
797
802
803
798
795
799
790
786
783
780
779
779
781
783
785
787
786
779
771
772
773
773
775
773
777
777
773
775
768
768
766
765
767
769
765
764
766
766
767
765
764
764
763
766
767
765
769
771
771
771
771
770
769
772
768
766
767
768
768
767
768
767
771
770
769
763
763
758
759
757
762
761
763
761
763
763
764
770
771
771
776
779
780
784
786
784
786
785
788
786
789
784
783
785
788
795
796
800
797
801
806
817
813
815
816
816
812
817
819
818
818
818
816
818
815
815
818
820
819
819
818
821
817
814
812
813
812
808
809
809
811
810
812
814
813
817
814
814
815
815
814
816
812
813
811
814
818
817
823
826
824
824
830
830
826
826
822
824
827
827
825
823
824
822
821
820
821
821
820
821
824
824
825
826
823
825
826
823
824
829
829
830
831
834
832
829
829
830
834
833
832
832
834
830
835
831
832
836
833
831
833
832
833
838
839
839
839
846
844
845
848
845
846
847
849
846
848
851
849
844
843
845
847
850
845
847
853
853
857
860
863
867
864
867
872
875
872
871
872
871
871
871
871
869
868
869
868
867
867
867
868
868
869
870
877
878
877
874
875
878
880
882
878
881
879
881
882
885
886
887
881
876
877
879
880
879
878
874
874
872
870
869
869
867
865
865
865
865
862
866
862
862
865
864
864
861
863
864
863
858
860
854
856
851
850
849
851
848
851
850
848
853
854
849
851
856
854
855
856
852
854
854
857
859
857
856
857
857
854
851
851
854
856
853
855
852
856
860
863
864
861
862
863
864
867
866
867
867
867
868
869
875
873
872
871
870
871
869
867
867
867
867
870
870
869
869
867
870
868
863
860
860
857
857
857
856
853
854
852
850
847
845
844
839
844
845
849
850
847
847
848
845
840
841
841
845
840
835
834
835
837
837
837
838
840
837
841
835
835
833
834
835
833
832
830
828
827
827
830
831
834
833
831
828
830
832
830
829
828
831
831
826
829
825
822
820
822
826
824
825
821
823
822
821
820
817
816
815
814
814
815
813
815
813
809
807
805
809
811
808
807
803
805
802
802
800
797
792
790
790
792
794
796
795
795
799
802
803
801
802
802
800
800
798
802
802
800
801
801
799
802
804
804
805
801
798
799
792
794
795
790
788
786
788
790
794
793
797
796
798
797
792
792
794
792
785
782
778
781
788
790
788
788
787
788
783
781
