19
30
28
36
35
34
38
43
45
42
44
47
37
33
30
42
48
47
44
46
41
47
47
42
37
37
41
46
48
44
41
37
39
42
44
52
53
46
41
45
39
40
36
35
36
36
43
33
33
30
31
24
34
42
38
47
36
35
34
37
35
36
41
48
39
40
43
38
47
46
47
37
32
39
39
40
42
43
33
37
43
48
44
47
51
44
37
36
43
43
41
32
35
35
38
36
43
52
51
46
46
46
32
40
39
39
36
37
44
37
42
46
52
52
44
32
31
39
44
42
41
38
39
39
44
46
38
33
35
45
55
41
42
36
40
47
42
30
24
41
45
45
44
43
34
31
43
47
48
41
44
47
39
31
28
40
52
51
42
34
35
39
50
42
33
31
33
43
48
48
37
34
40
41
32
30
30
36
29
29
31
39
41
48
44
41
42
34
36
33
32
34
40
36
31
43
48
42
41
50
52
38
42
52
51
44
42
39
40
36
40
47
53
46
48
47
44
44
43
48
43
43
46
50
46
34
30
35
42
42
49
46
42
42
38
42
39
41
31
41
40
48
45
48
40
42
38
41
44
48
37
35
40
46
41
36
34
44
37
35
42
44
41
40
42
44
45
41
42
41
40
41
35
39
42
50
52
51
48
41
34
28
35
40
43
38
42
45
42
39
41
44
40
40
43
45
45
49
51
40
35
47
52
47
41
41
39
38
45
51
43
38
32
46
54
49
43
47
42
36
37
37
45
37
39
36
48
48
46
44
46
43
42
43
52
54
45
41
36
45
40
38
33
40
49
43
41
41
45
40
38
37
41
43
42
42
45
51
49
42
45
43
46
43
49
43
46
38
39
39
48
39
36
35
40
40
34
39
45
45
38
43
52
44
34
38
46
47
44
42
40
44
35
35
35
35
29
36
36
37
40
38
47
47
43
42
41
37
33
38
45
46
41
41
37
34
34
23
26
30
37
42
47
46
41
50
44
45
36
36
35
42
37
36
34
41
36
39
35
39
39
40
44
40
41
43
45
37
35
39
49
44
41
41
41
43
44
53
45
40
44
42
48
50
45
51
56
48
41
37
45
49
49
45
43
45
45
46
43
39
37
38
34
39
41
40
45
40
43
38
31
38
38
31
37
36
45
45
37
36
32
34
33
41
41
42
40
38
36
35
47
38
43
42
44
41
38
38
40
32
31
30
37
33
36
42
44
40
39
40
35
36
33
32
33
33
34
35
41
37
37
41
43
41
40
45
41
33
35
43
38
40
33
31
38
43
42
42
37
37
39
40
42
47
58
56
43
44
42
40
39
34
37
36
49
48
52
45
43
44
45
38
41
50
49
50
43
40
45
57
48
41
33
32
29
23
39
32
34
34
41
45
55
52
37
33
36
31
31
35
42
45
45
42
39
33
38
45
41
41
57
49
47
33
30
33
41
40
37
29
35
38
40
38
37
39
37
37
42
41
40
41
42
44
52
50
46
47
44
39
29
34
37
45
39
35
32
41
43
46
46
45
37
34
39
35
41
41
38
41
35
37
35
39
41
31
31
35
34
34
37
46
53
44
34
32
26
23
29
33
44
49
43
35
32
42
42
38
39
37
43
41
44
44
41
42
43
44
45
41
36
43
40
37
29
28
34
41
46
45
39
41
38
30
27
31
39
41
44
44
47
43
42
42
43
40
42
44
45
43
37
34
40
39
45
40
29
38
39
36
38
42
30
34
34
36
39
40
40
36
38
43
41
43
38
31
35
45
37
36
35
43
40
37
47
45
42
39
43
42
39
42
45
40
38
40
46
41
29
26
36
40
35
34
44
50
41
45
45
40
45
44
44
49
49
45
43
36
45
42
40
45
41
38
37
30
33
30
30
23
32
33
38
33
35
38
34
34
44
38
37
42
41
46
50
48
44
37
32
39
50
43
40
30
32
42
43
39
35
30
33
38
50
58
56
47
51
46
43
42
40
42
37
34
43
43
43
39
44
44
40
37
38
51
53
48
44
43
40
34
37
37
43
40
48
45
40
36
42
40
40
36
47
46
45
40
37
33
34
31
39
49
40
35
44
54
51
49
52
52
45
44
51
56
43
37
41
39
40
47
48
47
42
45
37
32
36
39
30
28
39
39
49
46
46
36
36
32
28
27
33
41
42
47
42
36
35
30
29
32
43
37
37
27
20
28
35
45
35
34
40
40
45
47
43
44
48
43
38
43
49
48
40
28
38
52
47
34
32
37
41
45
46
48
43
40
28
38
43
35
33
27
38
40
40
42
47
42
36
35
