9
5
1
2
14
4
1
0
7
5
2
4
10
14
0
19
34
23
16
13
1
1
1
1
12
5
0
9
17
23
47
24
5
1
1
7
5
0
3
12
2
34
84
84
81
78
54
34
3
0
2
1
0
1
0
6
40
65
114
117
123
120
119
102
81
76
59
63
53
54
49
59
56
44
37
35
35
45
53
49
47
53
44
40
35
25
22
9
10
7
7
6
3
14
3
4
1
8
2
1
1
4
2
2
1
6
8
20
31
22
0
3
5
0
6
3
8
7
2
13
29
18
1
0
1
13
3
17
11
1
1
16
51
51
59
46
19
1
12
20
1
4
3
4
0
22
56
86
73
74
62
53
40
32
40
26
6
3
1
2
1
3
3
1
3
2
2
1
3
18
16
19
16
12
14
1
2
5
7
2
10
26
31
37
45
50
24
3
11
0
1
2
2
4
8
8
44
74
80
95
94
73
65
66
72
70
55
31
25
18
15
16
6
7
11
13
0
0
2
8
0
8
3
1
1
1
12
12
8
9
16
30
36
51
43
53
48
44
50
35
16
5
2
2
6
0
1
0
1
1
0
2
13
24
25
25
7
0
5
2
2
9
17
2
16
23
56
64
52
20
0
2
0
28
24
25
1
0
15
51
80
75
75
64
42
47
68
67
67
51
43
28
20
36
38
35
25
18
10
5
3
5
11
8
10
10
2
3
1
0
13
4
10
16
22
1
0
0
13
2
9
31
43
66
56
81
84
54
26
5
1
0
2
0
17
9
6
44
83
112
117
120
113
109
80
61
68
41
5
1
1
2
6
2
29
66
59
91
135
131
123
117
100
88
72
64
51
44
34
43
54
49
33
15
17
9
14
5
13
19
12
6
3
7
7
7
2
4
15
2
2
1
5
7
13
0
2
1
1
2
2
0
8
15
7
29
33
39
17
25
17
24
18
26
52
28
21
10
5
5
0
2
7
9
2
1
2
2
0
16
26
19
23
33
54
65
65
61
66
53
53
33
21
28
30
27
34
21
14
19
16
16
14
19
13
6
1
3
0
7
0
3
4
0
0
4
12
8
3
3
4
4
23
13
15
17
0
2
0
17
0
4
1
18
36
45
69
76
60
49
46
42
52
64
48
26
38
33
28
20
20
20
16
10
2
5
11
15
1
3
7
6
4
4
2
1
6
0
1
5
9
1
8
0
0
3
13
17
18
16
0
17
2
5
2
1
10
9
9
12
52
52
71
44
24
10
1
2
2
9
2
1
0
36
64
92
101
97
98
82
65
45
45
31
23
13
3
11
15
0
7
2
0
5
1
0
2
2
1
2
4
3
0
4
10
0
1
3
0
1
5
14
17
2
7
22
23
8
7
9
7
3
1
1
5
3
24
46
57
63
44
30
44
19
0
3
0
1
0
1
15
45
43
73
113
102
108
82
55
31
5
1
1
0
2
1
1
33
69
115
159
158
149
147
147
145
137
117
94
84
65
44
31
34
39
39
41
38
39
28
24
15
0
8
9
3
0
1
2
1
3
2
1
10
19
39
32
46
27
24
33
39
43
32
35
21
7
0
11
14
0
8
0
4
0
5
2
4
0
8
24
6
18
17
21
26
38
30
22
29
16
20
12
9
8
4
7
2
3
3
6
7
16
1
3
2
7
4
0
1
11
5
6
29
27
19
0
3
1
1
1
7
1
3
4
32
60
61
69
43
26
1
17
2
2
1
0
0
2
21
43
72
72
86
86
75
65
51
44
19
2
0
13
5
1
2
0
0
1
2
1
1
1
8
10
14
28
35
28
30
27
41
52
41
38
28
24
13
10
13
11
11
3
3
3
11
2
1
4
0
1
1
1
10
23
11
2
2
1
20
20
29
23
19
28
44
68
70
69
70
65
42
39
44
43
46
37
24
32
26
19
31
30
30
34
34
26
15
25
26
24
16
22
9
21
9
14
10
23
16
1
5
3
4
1
0
5
0
1
2
2
16
19
23
13
5
1
6
3
5
10
7
6
9
35
55
72
67
79
99
94
111
126
105
83
77
56
44
40
22
22
22
22
31
22
8
19
26
15
22
22
7
11
19
22
14
9
14
6
0
12
20
10
7
7
6
5
3
1
26
29
2
11
0
6
16
36
42
25
14
5
36
38
42
23
28
9
2
28
53
68
60
25
9
45
58
69
65
28
1
2
11
50
72
63
54
35
16
59
94
88
86
85
67
54
44
16
15
21
28
29
8
16
1
6
5
2
2
6
1
4
2
2
13
3
2
16
29
17
29
