0
0
0
0
0
1
1
0
0
0
1
5
0
0
3
5
5
0
8
16
13
10
7
1
3
2
7
2
1
3
7
8
8
9
11
10
18
23
13
6
11
15
10
12
14
15
18
21
17
11
8
8
9
13
8
6
8
14
14
10
4
0
12
18
15
12
13
9
22
16
12
8
9
6
0
0
4
4
2
0
2
1
0
0
1
4
2
4
1
4
1
5
2
0
3
1
1
2
2
4
0
2
5
3
4
4
1
3
0
4
0
5
4
4
7
5
8
1
1
4
1
6
9
5
1
3
3
4
1
2
3
4
5
8
0
6
9
7
4
3
7
9
6
8
9
7
6
3
0
9
8
1
5
4
10
0
9
2
2
6
3
4
9
5
5
2
4
4
1
1
1
5
3
5
6
1
4
9
6
4
0
2
2
1
2
5
2
8
6
6
1
6
6
6
2
6
4
2
3
4
2
6
2
2
2
11
3
1
2
2
2
0
2
5
5
9
2
5
1
4
4
3
2
6
12
9
11
5
6
9
13
15
10
4
7
0
2
5
3
8
6
3
11
11
7
1
4
5
1
8
2
0
1
2
2
3
2
4
5
2
3
2
1
3
2
2
0
4
2
2
1
3
5
0
6
3
2
3
0
4
2
7
1
0
1
4
6
4
1
5
2
4
6
0
1
3
2
4
2
5
3
2
4
0
3
2
4
5
1
4
8
4
6
1
4
2
2
2
1
2
5
4
2
0
1
7
1
1
1
1
1
3
6
2
2
0
6
1
3
3
4
8
7
4
2
6
9
12
7
5
4
4
4
2
1
2
6
11
6
2
0
1
5
5
2
1
4
9
7
2
1
1
2
6
1
1
2
9
1
7
5
2
2
1
4
4
2
0
3
4
2
1
7
1
4
6
2
1
5
1
2
2
7
4
3
3
0
0
3
1
5
3
7
6
5
3
2
1
5
1
6
2
2
6
10
7
5
10
15
12
3
1
0
6
10
11
8
8
6
1
1
3
4
3
3
1
3
1
0
1
2
0
2
4
4
3
11
3
3
6
8
8
3
2
5
7
3
1
3
4
8
0
2
4
2
5
3
0
2
4
5
0
1
3
11
7
0
6
2
2
2
7
4
3
5
6
1
5
1
0
3
3
5
3
4
2
0
2
7
5
4
0
2
4
4
8
4
2
4
2
4
5
3
2
2
6
1
1
4
5
4
0
5
0
1
5
2
2
4
7
4
4
4
1
1
3
0
2
1
9
5
4
6
1
2
5
3
4
0
8
11
8
2
4
2
5
1
1
3
4
2
3
0
3
0
6
6
8
1
3
4
9
2
1
2
4
3
3
1
1
7
9
10
3
1
5
0
1
3
3
1
5
10
9
8
3
1
0
2
6
6
6
3
9
10
9
2
5
7
0
5
3
1
2
4
4
2
4
6
8
2
0
11
5
3
0
5
3
2
2
5
0
2
0
2
1
2
3
2
2
1
1
2
4
7
7
4
2
4
1
4
3
7
9
7
7
1
2
1
7
9
6
3
8
10
12
8
4
2
8
3
1
4
2
2
8
2
2
4
11
6
1
5
3
0
2
3
2
4
2
1
3
3
4
3
5
9
3
2
2
0
1
3
5
1
4
1
2
5
3
1
7
5
12
8
11
11
15
12
10
3
1
2
7
17
15
20
13
7
3
1
2
1
6
11
7
2
2
1
1
2
3
0
7
7
1
0
3
2
4
0
3
3
3
3
0
3
1
2
0
0
3
6
3
2
5
8
4
1
0
2
2
3
2
0
1
6
2
2
2
7
1
6
4
0
1
2
2
2
1
2
2
4
6
9
2
2
0
2
0
2
2
8
2
6
6
1
2
7
6
2
0
4
3
3
5
6
0
1
3
0
3
1
2
2
2
2
3
8
11
8
2
5
3
0
2
1
3
1
6
8
1
2
3
6
5
0
6
0
3
3
4
8
1
4
2
1
10
2
4
2
2
1
5
1
0
3
3
0
5
4
1
0
1
0
1
2
2
4
3
9
1
3
3
2
1
1
5
2
5
6
10
7
5
4
4
2
3
3
9
15
20
20
14
19
16
11
4
2
3
2
9
7
12
16
3
3
5
9
10
4
3
0
7
4
0
4
6
8
15
4
4
7
10
7
4
4
3
5
4
7
0
5
13
18
14
14
14
10
8
13
12
6
6
11
12
17
10
12
9
1
5
0
4
1
4
5
4
5
6
5
6
0
1
1
8
13
13
8
0
1
9
8
2
1
1
3
3
3
0
