6
8
29
42
52
76
96
87
101
107
88
86
51
18
0
0
0
1
0
0
17
20
61
103
128
136
142
151
156
163
142
121
83
47
10
0
1
0
0
0
11
41
77
117
152
165
167
172
177
181
170
157
130
95
63
25
0
2
0
1
0
0
32
71
111
155
184
183
188
193
196
189
182
178
140
97
59
31
2
0
0
1
0
0
32
75
106
145
181
188
195
201
204
205
195
187
179
150
109
74
36
0
0
0
0
1
0
35
73
118
158
203
207
206
206
223
221
218
208
199
163
131
91
56
18
0
0
0
0
2
41
83
126
166
205
225
224
227
230
238
231
216
203
186
154
121
89
58
23
0
2
1
0
13
47
92
132
167
216
237
240
237
250
251
243
234
228
214
184
148
116
83
52
21
2
0
0
7
48
88
132
174
215
251
284
290
296
295
282
276
262
251
240
211
176
135
96
58
19
1
0
0
1
39
79
120
161
206
249
264
275
276
275
267
249
245
236
216
180
143
105
70
33
0
1
0
0
8
51
90
132
174
218
259
264
264
271
270
253
245
240
229
201
162
127
93
61
25
0
0
1
0
27
64
105
144
180
215
245
247
253
256
248
246
230
221
213
192
151
107
69
38
6
0
1
1
0
36
80
119
159
196
228
236
239
250
254
253
245
235
229
213
179
151
114
73
39
2
0
1
0
7
44
83
126
164
201
242
252
271
274
270
263
259
250
243
225
191
159
132
99
64
30
0
1
0
2
41
80
116
164
202
239
270
273
280
286
272
261
256
244
240
213
183
150
117
82
54
21
0
1
0
17
62
96
130
172
210
253
279
277
286
283
268
256
245
228
217
200
164
124
85
54
14
0
1
0
0
13
50
81
115
163
200
216
217
222
222
216
196
184
174
145
111
78
55
16
2
2
0
0
1
22
63
103
143
189
217
220
231
241
240
231
218
202
182
141
111
74
42
2
0
0
1
1
18
61
96
138
178
222
224
227
228
232
232
228
216
204
183
150
111
78
39
3
0
0
0
0
36
73
111
148
202
243
243
246
249
251
241
230
217
207
170
135
98
61
22
1
0
0
0
2
36
79
116
159
196
228
234
242
240
249
243
234
217
204
181
144
105
74
41
7
0
0
1
0
27
62
102
139
174
214
224
230
240
233
231
221
220
212
177
140
104
63
25
0
0
1
0
1
31
70
107
150
194
235
239
245
253
250
247
244
235
227
196
158
126
89
55
18
0
1
0
4
44
86
124
170
216
252
278
287
294
300
286
272
267
264
253
221
190
155
119
87
54
18
0
0
0
31
76
116
153
188
231
269
281
285
286
281
279
272
268
259
251
218
192
163
125
87
48
18
0
0
1
34
69
105
146
184
226
271
289
300
304
299
292
281
272
261
256
235
199
165
128
92
53
17
1
0
0
21
58
104
151
189
225
263
275
276
274
275
266
257
249
246
230
197
162
130
96
64
32
1
0
1
7
49
90
131
184
234
270
299
305
313
328
323
312
300
293
280
272
245
212
175
140
108
73
32
0
0
0
33
66
101
145
183
225
269
297
306
314
315
306
305
297
281
272
259
222
187
154
120
81
49
13
0
0
17
51
89
129
165
202
242
279
305
311
309
302
293
283
273
265
256
248
216
181
146
108
72
43
8
2
1
9
54
90
135
179
214
252
294
303
307
308
304
294
282
275
262
248
213
177
144
105
69
37
0
0
2
0
35
77
116
161
210
246
285
295
292
299
295
282
272
258
247
231
201
166
127
89
59
24
0
0
0
16
52
90
129
164
203
246
283
292
311
317
307
294
283
276
263
258
231
197
156
121
87
55
15
0
0
1
36
80
121
164
205
236
277
297
307
321
315
310
291
281
276
275
261
223
185
153
122
83
48
19
0
0
10
54
91
136
173
210
249
291
312
317
319
306
298
288
276
266
254
228
195
166
133
91
52
17
0
1
1
31
75
111
151
186
225
266
285
284
286
282
275
271
256
246
232
193
155
115
75
41
8
1
1
2
1
41
88
126
162
205
238
242
237
246
252
241
233
222
208
190
151
118
80
41
3
1
1
0
0
10
52
90
127
160
203
205
203
207
213
223
207
202
193
168
130
92
69
39
7
0
1
0
0
37
75
116
161
204
246
257
258
267
285
285
270
258
247
235
198
164
125
86
56
26
2
0
0
3
38
84
129
167
205
243
275
281
287
289
277
266
260
256
242
227
189
150
114
79
44
3
0
0
0
15
57
95
135
172
206
244
255
255
260
253
243
230
222
215
189
158
